1028272627109044225
1028272627109044225
1031560828342988801
1031560828342988801
1035334861316403201
1035303246481575936
1035334861316403201
1035303246481575936
1040365490642853888
1040355684074827777
1040320357868216321
1041859730644365312
1041859730644365312
1043193508104990720
1042975895726764032
1043356551791210496
1043356551791210496
1044673141270810624
1044673141270810624
1045029856671608833
1045029856671608833
1046395155929067520
1046395155929067520
1045395836891525121
1045394825519009792
1045392443938656264
1045388059435552768
1045386827467812867
1045386825869725697
1045386824519241731
1045386570633826305
1045386565172842498
1045386413116727296
1045386372201295883
1045386349640069122
1045386333521416198
1045386280790568960
1045386139866210304
1045386079522697216
1045385975814393856
1045385967601963008
1045385919711379457
1045385881060855808
1046818352830853120
1046818137579180043
1046818092456775680
1046818029487738882
1046817977629364224
1046817897773973505
1046817844888051712
1046817658967134211
1046792815601176576
1046606960295071744
1046606959280033793
1046606267563868160
1046606212505194496
1046606176690085888
1046606119832031232
1046606051775311872
1046605725848539136
1046605304220266496
1046604810756272128
1046604402084196354
1047671635808083968
1047662455369949185
1047662192693301248
1047661946781270016
1047661243652292608
1047660737433423874
1047659002342100994
1047658546886848512
1047655973333155840
1047653097177276417
1047652712240828416
1047650525368516608
1047649789456859136
1047644771899101184
1047644595759271937
1047643958267064320
1047642854624034821
1047641931352887296
1047641117947305984
1047638742570360832
1047266367395848192
1047187396209598466
1047176008439418881
1046931327063347202
1046930644692013057
1046929985695571968
1046928622404161537
1046928369093419009
1046928024371904513
1046927495755378688
1046927234609631233
1046926237791334401
1046925405435789312
1046925373240483843
1046924732682182657
1046923003009912833
1046922390469578752
1046922006858477570
1046921540770652160
1046919526967914496
1047638407827148801
1050502126588321792
1050218794260385792
1050202643132555264
1050195481521991681
1050187427686572032
1050177768208703488
1047636547300937728
1047636023570829314
1047635592232783873
1047634475390304256
1047311705641046016
1047311704168812544
1047311702952431617
1047311700670726144
1047311699718688771
1047311698795880448
1047311697906749440
1047311697038508032
1047311696262569984
1047311695310405632
1047311694484176896
1047311693490139136
1047311692571525121
1047311691644620801
1047311690466041856
1047311687832023040
1045385856897470464
1045385825494724608
1045385790409375744
1045385650256711685
1045385612814102529
1045385569243746304
1045385562474057744
1045385545130676224
1045385506165600256
1045385481700216832
1045385457050292225
1045385419372810241
1045385389220003841
1045385284135858178
1045385245338419201
1045385201441009665
1045385190657458177
1045385124710420480
1045385109761912832
1045384936453263360
1050155457120260096
1050148990224920579
1050085226679013377
1050079288119230465
1050078682725982210
1050077099468513282
1050063975147364352
1050059902759124993
1050038577869070336
1050034294540955648
1050019699998814208
1050006093936713729
1050003324047695872
1049861141596393472
1049847665553489920
1049837935334498309
1049829591097982981
1049827795726213121
1049826664132345856
1049826061184327681
1046603724381130754
1046602972808073221
1046602934136508418
1046602650660294657
1046602550424862720
1046602540962451457
1046602036161261568
1046601752408150016
1046601639124242432
1046601510350737408
1046601439206944774
1046600725164433409
1046600675348697088
1046600423732334592
1046600141896060930
1046599888409178112
1046599814216126469
1046599013561249792
1046598833621413888
1046598182048845824
1046918427837968389
1046917403110756358
1046916852243488769
1046916660219826177
1046916587914170369
1046916146639900672
1046915868872060935
1046913567096745984
1046912920741957637
1051948670869012481
1051948039311712257
1051709349872193536
1049826046453923840
1045384888856334337
1045384885219860487
1045384654105321472
1045384442829852672
1045384408608501762
1045384179297456129
1045130548329533440
1047311686879928321
1047297188693532672
1047295173661794305
1047292074134065152
1047290828836757504
1047290018061058048
1047288897099718661
1047288704295948288
1047288620648992769
1047286198060892162
1047285950185914368
1047285679762411520
1047285106040360960
1047283439853064193
1047282833264402433
1047282492292698119
1047281688416591872
1047281483315068928
1047281062123110401
1047280566956163072
1046598101719560193
1046597904868290560
1046597600336596992
1046597526823088129
1046597510477893632
1046597474645954561
1046597377350610944
1046596987821453312
1046596897140600832
1046596784540340225
1046596716995244032
1046596543636230145
1046596357539221504
1046596169705689089
1046596033898254336
1046595991992971270
1046595835209887744
1046595743656685568
1046595552903933953
1046595488546467841
1053137077125238785
1053077326517469184
1053030555196030977
1052998761750892546
1052997666756542467
1052988140267470848
1052987102412050435
1052986253044576258
1052986117635616769
1052986033472716801
1052985939688124416
1052985901364797440
1052985885141155840
1052985849485373440
1052985834276818945
1052985755709116416
1052985754723512321
1052985708279996416
1052985677573435392
1052985631603871745
1052985627543781376
1052985623185903619
1047280525378039808
1047279203702509568
1047278888907366400
1047277097146834944
1047276477983739904
1047275448512724992
1047275419727265792
1054753528139395072
1054752298776309761
1046595344870658048
1046595257599692800
1046595232832376833
1046595194513231872
1046595045225377792
1046595007711498241
1046594958239698945
1046594807999664130
1046594709702012928
1046594627996971008
1046594353026813952
1046594277596426242
1046594183346180097
1046594098000531457
1046594021915873280
1046594018019282951
1046593998922625024
1046593960012058624
1046593677420843017
1046593612623097857
1052985611295047682
1052985608593989632
1052985597172826114
1052985552243515392
1052985515388129280
1052985425223143431
1057026695289462784
1057026695289462784
1046593596617576448
1046593467068149766
1046593340991569920
1046593310570283008
1046593132396195840
1046592982596628480
1046592897628471297
1046592785980231681
1046592722361036800
1046592680199933953
1046592454089211911
1046592448737280000
1046592414465630210
1046592152199983104
1046591911967039488
1046591788130201600
1046591594282070016
1046591350693646337
1046591326878404609
1046591074872045568
1057464976259014656
1057464976259014656
1058077963999211521
1058072334656065536
1058072333372588037
1058842276997357575
1058842276997357575
1059881210682490880
1059877447133478913
1046590947491041281
1046590928180465664
1046590652677595137
1046590651943604224
1046590580392964096
1046590420380192769
1046590396598370306
1046590393184333824
1046590320497098757
1046590281058078720
1046590141446451200
1046590019534761984
1046589988136267777
1046589908499005441
1046589860721696769
1046589789921824769
1046589758573617152
1046589745013362689
1046589730740195328
1046589701677813761
1060608418606731264
1060393986651811840
1060379311251824642
1060377804154589185
1060373536810983424
1060363673787662336
1060355954322096130
1060355474070167552
1060354764100255744
1060353616219963393
1060288390556454912
1060276731028930565
1060248501819490306
1060240048354979840
1060198154031824897
1060191384303493120
1060168749012189184
1060018525383864327
1046589665183244288
1046589507531870209
1046589438455947265
1046589422618185729
1046589291768549376
1046589215289606146
1046589177641537536
1046589144909189121
1046588929183547392
1046588884556148736
1046588848996782081
1046588463410278400
1046588384154652673
1046588237119193088
1046588128629329925
1046588036535001088
1046588006893842433
1046587734591188992
1046586446210101254
1046586353868247040
1062367624640843777
1062367624640843777
1063166292088250368
1063166292088250368
1046586188486922243
1046585980361355265
1046585766300782592
1046585368190103553
1046585035644653569
1046584048636825602
1046582862164754432
1046582510631702528
1046581933008986113
1046580977563324416
1067516259179397120
1067469945808871424
1068239116645687297
1068239116645687297
1066759402152181760
1066759402152181760
1069790936853610497
1069790936853610497
1052272779712696320
1052248144728215553
1031560828342988801
1031560828342988801
1028272627109044225
1028272627109044225
1035334861316403201
1035334861316403201
1035303246481575936
1035303246481575936
1040365490642853888
1040355684074827777
1040320357868216321
1041859730644365312
1041859730644365312
1043356551791210496
1043356551791210496
1043193508104990720
1042975895726764032
1044673141270810624
1044673141270810624
1045029856671608833
1045029856671608833
1046395155929067520
1046395155929067520
1045395836891525121
1045394825519009792
1045392443938656264
1045388059435552768
1045386827467812867
1045386825869725697
1045386824519241731
1045386570633826305
1045386565172842498
1045386413116727296
1045386372201295883
1045386349640069122
1045386333521416198
1045386280790568960
1045386139866210304
1045386079522697216
1045385975814393856
1045385967601963008
1045385919711379457
1045385881060855808
1047636547300937728
1047636023570829314
1047635592232783873
1047634475390304256
1047311705641046016
1047311704168812544
1047311702952431617
1047311700670726144
1047311699718688771
1047311698795880448
1047311697906749440
1047311697038508032
1047311696262569984
1047311695310405632
1047311694484176896
1047311693490139136
1047311692571525121
1047311691644620801
1047311690466041856
1047311687832023040
1046818352830853120
1046818137579180043
1046818092456775680
1046818029487738882
1046817977629364224
1046817897773973505
1046817844888051712
1046817658967134211
1046792815601176576
1046606960295071744
1046606959280033793
1046606267563868160
1046606212505194496
1046606176690085888
1046606119832031232
1046606051775311872
1046605725848539136
1046605304220266496
1046604810756272128
1046604402084196354
1047266367395848192
1047187396209598466
1047176008439418881
1046931327063347202
1046930644692013057
1046929985695571968
1046928622404161537
1046928369093419009
1046928024371904513
1046927495755378688
1046927234609631233
1046926237791334401
1046925405435789312
1046925373240483843
1046924732682182657
1046923003009912833
1046922390469578752
1046922006858477570
1046921540770652160
1046919526967914496
1045385856897470464
1045385825494724608
1045385790409375744
1045385650256711685
1045385612814102529
1045385569243746304
1045385562474057744
1045385545130676224
1045385506165600256
1045385481700216832
1045385457050292225
1045385419372810241
1045385389220003841
1045385284135858178
1045385245338419201
1045385201441009665
1045385190657458177
1045385124710420480
1045385109761912832
1045384936453263360
1047671635808083968
1047662455369949185
1047662192693301248
1047661946781270016
1047661243652292608
1047660737433423874
1047659002342100994
1047658546886848512
1047655973333155840
1047653097177276417
1047652712240828416
1047650525368516608
1047649789456859136
1047644771899101184
1047644595759271937
1047643958267064320
1047642854624034821
1047641931352887296
1047641117947305984
1047638742570360832
1047638407827148801
1045384888856334337
1045384885219860487
1045384654105321472
1045384442829852672
1045384408608501762
1045384179297456129
1045130548329533440
1050502126588321792
1050218794260385792
1050202643132555264
1050195481521991681
1050187427686572032
1050177768208703488
1046918427837968389
1046917403110756358
1046916852243488769
1046916660219826177
1046916587914170369
1046916146639900672
1046915868872060935
1046913567096745984
1046912920741957637
1047311686879928321
1047297188693532672
1047295173661794305
1047292074134065152
1047290828836757504
1047290018061058048
1047288897099718661
1047288704295948288
1047288620648992769
1047286198060892162
1047285950185914368
1047285679762411520
1047285106040360960
1047283439853064193
1047282833264402433
1047282492292698119
1047281688416591872
1047281483315068928
1047281062123110401
1047280566956163072
1050155457120260096
1050148990224920579
1050085226679013377
1050079288119230465
1050078682725982210
1050077099468513282
1050063975147364352
1050059902759124993
1050038577869070336
1050034294540955648
1050019699998814208
1050006093936713729
1050003324047695872
1049861141596393472
1049847665553489920
1049837935334498309
1049829591097982981
1049827795726213121
1049826664132345856
1049826061184327681
1046603724381130754
1046602972808073221
1046602934136508418
1046602650660294657
1046602550424862720
1046602540962451457
1046602036161261568
1046601752408150016
1046601639124242432
1046601510350737408
1046601439206944774
1046600725164433409
1046600675348697088
1046600423732334592
1046600141896060930
1046599888409178112
1046599814216126469
1046599013561249792
1046598833621413888
1046598182048845824
1051948670869012481
1051948039311712257
1051709349872193536
1049826046453923840
1052272779712696320
1052248144728215553
1047280525378039808
1047279203702509568
1047278888907366400
1047277097146834944
1047276477983739904
1047275448512724992
1047275419727265792
1046598101719560193
1046597904868290560
1046597600336596992
1046597526823088129
1046597510477893632
1046597474645954561
1046597377350610944
1046596987821453312
1046596897140600832
1046596784540340225
1046596716995244032
1046596543636230145
1046596357539221504
1046596169705689089
1046596033898254336
1046595991992971270
1046595835209887744
1046595743656685568
1046595552903933953
1046595488546467841
1053137077125238785
1053077326517469184
1053030555196030977
1052998761750892546
1052997666756542467
1052988140267470848
1052987102412050435
1052986253044576258
1052986117635616769
1052986033472716801
1052985939688124416
1052985901364797440
1052985885141155840
1052985849485373440
1052985834276818945
1052985755709116416
1052985754723512321
1052985708279996416
1052985677573435392
1052985631603871745
1052985627543781376
1052985623185903619
1046595344870658048
1046595257599692800
1046595232832376833
1046595194513231872
1046595045225377792
1046595007711498241
1046594958239698945
1046594807999664130
1046594709702012928
1046594627996971008
1046594353026813952
1046594277596426242
1046594183346180097
1046594098000531457
1046594021915873280
1046594018019282951
1046593998922625024
1046593960012058624
1046593677420843017
1046593612623097857
1054753528139395072
1054752298776309761
1052985611295047682
1052985608593989632
1052985597172826114
1052985552243515392
1052985515388129280
1052985425223143431
1057026695289462784
1057026695289462784
1057464976259014656
1057464976259014656
1046593596617576448
1046593467068149766
1046593340991569920
1046593310570283008
1046593132396195840
1046592982596628480
1046592897628471297
1046592785980231681
1046592722361036800
1046592680199933953
1046592454089211911
1046592448737280000
1046592414465630210
1046592152199983104
1046591911967039488
1046591788130201600
1046591594282070016
1046591350693646337
1046591326878404609
1046591074872045568
1058077963999211521
1058072334656065536
1058072333372588037
1058842276997357575
1058842276997357575
1060288390556454912
1060276731028930565
1060248501819490306
1060240048354979840
1060198154031824897
1060191384303493120
1060168749012189184
1060018525383864327
1059881210682490880
1059877447133478913
1046590947491041281
1046590928180465664
1046590652677595137
1046590651943604224
1046590580392964096
1046590420380192769
1046590396598370306
1046590393184333824
1046590320497098757
1046590281058078720
1046590141446451200
1046590019534761984
1046589988136267777
1046589908499005441
1046589860721696769
1046589789921824769
1046589758573617152
1046589745013362689
1046589730740195328
1046589701677813761
1060608418606731264
1060393986651811840
1060379311251824642
1060377804154589185
1060373536810983424
1060363673787662336
1060355954322096130
1060355474070167552
1060354764100255744
1060353616219963393
1062367624640843777
1062367624640843777
1063166292088250368
1063166292088250368
1046589665183244288
1046589507531870209
1046589438455947265
1046589422618185729
1046589291768549376
1046589215289606146
1046589177641537536
1046589144909189121
1046588929183547392
1046588884556148736
1046588848996782081
1046588463410278400
1046588384154652673
1046588237119193088
1046588128629329925
1046588036535001088
1046588006893842433
1046587734591188992
1046586446210101254
1046586353868247040
1067516259179397120
1067469945808871424
1066759402152181760
1066759402152181760
1068239116645687297
1069790936853610497
1046586188486922243
1046585980361355265
1046585766300782592
1046585368190103553
1046585035644653569
1046584048636825602
1046582862164754432
1046582510631702528
1046581933008986113
1046580977563324416
1069790936853610497
1068239116645687297
1070786823142678534
1070785060977172480
1070775212461998082
1070763274705227777
1070759652244230145
1070758625436753922
1070758192840409089
1070757884974301184
1070757825234812929
1070757776870252545
1070757689595187201
1070757535358029829
1070757466068131840
1070757414700548101
1070757318059540480
1070757164740943873
1070757094792552453
1070757014966595584
1070756969303195650
1070756933479645185
1070756909563686912
1070756855847235585
1070756846812782593
1070756809533767680
1070756791888302080
1070756751463600136
1070756733360984075
1070756704575475712
1070756684694458368
1070756641618956288
1070756567816003584
1070756476300550144
1070756432352604160
1070756416477192192
1070756383719591940
1070756217373511680
1070756169512378369
1070536813465518081
1070503371046563840
1070494713222971392
